[gd_scene load_steps=8 format=2]

[ext_resource path="res://Player.tscn" type="PackedScene" id=1]

[sub_resource type="CubeMesh" id=1]


[sub_resource type="ConvexPolygonShape" id=2]

points = PoolVector3Array( -1, 1, 1, 1, 1, -1, 1, 1, 1, -1, 1, -1, -1, -1, 1, 1, -1, -1, 1, -1, 1, -1, -1, -1, 1, 1, 1, -1, 1, -1, 1, 1, -1, -1, 1, 1, 1, -1, 1, -1, -1, -1, 1, -1, -1, -1, -1, 1, 1, 1, 1, -1, -1, 1, -1, 1, 1, 1, -1, 1, 1, 1, -1, -1, -1, -1, -1, 1, -1, 1, -1, -1 )

[sub_resource type="SphereShape" id=3]


[sub_resource type="SphereMesh" id=4]


[sub_resource type="CubeMesh" id=5]


[sub_resource type="ConvexPolygonShape" id=6]

points = PoolVector3Array( -1, 1, 1, 1, 1, -1, 1, 1, 1, -1, 1, -1, -1, -1, 1, 1, -1, -1, 1, -1, 1, -1, -1, -1, 1, 1, 1, -1, 1, -1, 1, 1, -1, -1, 1, 1, 1, -1, 1, -1, -1, -1, 1, -1, -1, -1, -1, 1, 1, 1, 1, -1, -1, 1, -1, 1, 1, 1, -1, 1, 1, 1, -1, -1, -1, -1, -1, 1, -1, 1, -1, -1 )

[node name="Spatial" type="Spatial"]

[node name="Cube" type="MeshInstance" parent="."]
editor/display_folded = true
transform = Transform( 0.989796, 0, 0.142495, 0, 1, 0, -0.142495, 0, 0.989796, 0, 1, -5 )
mesh = SubResource( 1 )
material/0 = null

[node name="StaticBody" type="StaticBody" parent="Cube"]

[node name="CollisionShape" type="CollisionShape" parent="Cube/StaticBody"]
shape = SubResource( 2 )

[node name="Cube2" type="MeshInstance" parent="."]
editor/display_folded = true
transform = Transform( 0.989796, 0, 0.142495, 0, 1, 0, -0.142495, 0, 0.989796, 0, 3, -5 )
mesh = SubResource( 1 )
material/0 = null

[node name="StaticBody" type="StaticBody" parent="Cube2"]

[node name="CollisionShape" type="CollisionShape" parent="Cube2/StaticBody"]
shape = SubResource( 2 )

[node name="Sphere" type="RigidBody" parent="."]
editor/display_folded = true
transform = Transform( 1, 0, 0, 0, 1, 0, 0, 0, 1, 0, 1, 3 )

[node name="CollisionShape" type="CollisionShape" parent="Sphere"]
shape = SubResource( 3 )

[node name="MeshInstance2" type="MeshInstance" parent="Sphere"]
mesh = SubResource( 4 )
material/0 = null

[node name="floor" type="MeshInstance" parent="."]
editor/display_folded = true
transform = Transform( 15, 0, 0, 0, 1, 0, 0, 0, 15, 0, -1, 0 )
mesh = SubResource( 5 )
material/0 = null

[node name="StaticBody" type="StaticBody" parent="floor"]

[node name="CollisionShape" type="CollisionShape" parent="floor/StaticBody"]
shape = SubResource( 6 )

[node name="Player" parent="." instance=ExtResource( 1 )]
transform = Transform( 1, 0, 0, 0, 1, 0, 0, 0, 1, 0, 0, -9.75786 )

[node name="DirectionalLight" type="DirectionalLight" parent="."]
transform = Transform( 0.682371, 0.670026, -0.292292, 0, 0.399849, 0.916581, 0.731006, -0.625449, 0.272846, 0, 0, 0 )
shadow_enabled = true
directional_shadow_blend_splits = true
directional_shadow_normal_bias = 0.01
directional_shadow_max_distance = 30.0

